FORMAT: Hall meter Frequency, IMU Frequency
sortedCSV/out0.csv: 2.711489361702128 Hz
sortedCSV/out1.csv: 3.4743129770992365 Hz
sortedCSV/out2.csv: 4.000621468926553 Hz
sortedCSV/out3.csv: 4.501855670103092 Hz
sortedCSV/out4.csv: 5.079460431654676 Hz
sortedCSV/out5.csv: 5.67491452991453 Hz
sortedCSV/out6.csv: 6.290029761904761 Hz
sortedCSV/out7.csv: 6.587350427350429 Hz
sortedCSV/out8.csv: 7.016563706563706 Hz
sortedCSV/out9.csv: 1.8404444444444445 Hz
